11362
18287
345
25106
24718
15793
14737
28898
6301
26084
20552
19338
4424
16644
10506
7875
28102
12805
26145
3830
28984
16685
27500
15863
892
12205
9653
9342
8776
20499
9937
24688
17427
18211
26931
27226
1651
7354
23055
4668
2547
22105
30521
13464
13870
17638
16979
27913
29952
10991
26150
12035
20245
2098
8354
15190
5069
19895
9468
22190
32508
694
15642
3430
5952
5436
12328
13698
14733
26621
23184
5921
7821
18953
20495
3300
11874
24156
6441
20132
30440
31726
4303
23148
29108
11343
26259
28170
18041
30015
18279
30323
8152
23733
22368
3493
20653
23536
20011
19501
6342
8228
13898
23787
22932
23869
13920
16666
15433
13355
24516
2010
17427
5426
21882
25970
26144
19199
26427
10509
19736
4200
10465
16654
20549
22497
17188
18883
16550
23890
6569
14165
28087
10227
32313
23353
12678
9784
17526
22400
6178
235
18571
22845
6686
21985
12064
18795
7795
17639
