229
322
605
275
841
175
381
851
207
558
249
504
586
755
931
682
795
888
152
804
826
715
235
734
769
441
132
876
684
554
178
584
770
977
580
209
859
765
503
772
996
933
640
217
695
995
170
313
914
392
834
578
675
312
494
755
602
468
631
873
703
649
822
603
936
829
277
704
200
842
542
484
239
783
592
812
983
290
260
100
570
875
499
304
357
695
581
641
609
386
500
280
691
889
959
359
836
499
541
898
430
572
930
128
175
218
700
264
487
815
426
862
254
301
304
656
373
775
825
775
274
627
218
479
434
827
674
939
321
620
896
335
752
592
823
825
374
291
552
323
978
262
313
466
227
183
848
333
883
948
