664
943
581
823
248
968
143
605
308
814
130
292
999
870
832
913
445
165
123
926
153
561
712
773
488
755
446
122
574
376
441
692
873
882
477
389
186
455
807
565
181
907
744
838
296
907
949
540
180
516
890
353
604
814
240
403
535
562
107
152
892
403
222
843
337
138
292
874
506
658
652
674
428
421
554
625
949
728
604
384
362
905
648
542
593
390
104
765
506
544
388
971
232
156
582
168
547
345
105
508
179
284
854
493
962
155
259
509
935
973
535
805
367
822
693
511
153
569
153
948
992
555
206
268
396
422
604
190
773
166
227
264
530
543
749
264
514
383
732
452
554
950
532
342
115
996
515
690
481
879
